4 0.9459684338440806 0.4414914857364856 0.09565341923687924 0.023970501033457305
1 0.8850524788933865 0.35597567080650816 0.09191081047058133 0.03316356451569265
1 0.15621618709049145 0.5283154369320494 0.08596081939903506 0.050059966087269106
2 0.6590763599808186 0.40012173883685753 0.040989238635914305 0.06748075248119925
2 0.34460080275664823 0.4358795721686878 0.04722560186643907 0.0669906009096227
2 0.3583611140380084 0.5970888999189468 0.15909831047058126 0.0362928726212445
3 0.3870865373353728 0.3166179958661708 0.04191081047058134 0.030834777088305197
5 0.4665343039744643 0.3887605155108779 0.09395455154212762 0.01608522642635144
5 0.7500673729664622 0.5960463608389295 0.13625114569792895 0.02430014081820957
0 0.6939071018631437 0.5142184720876345 0.05997501785690744 0.037140435070022626
3 0.7775888064100962 0.29139309408970643 0.052889220779006686 0.03368794933804624
0 0.5620962199649326 0.3538161271738677 0.036305692775829713 0.022767565963434676
5 0.5401548104672861 0.48541288358400847 0.052230701704283435 0.04068281203449331
5 0.9555234365849904 0.5182166515760858 0.08895312683001926 0.04286605024766903
3 0.3202901440697805 0.700507152400146 0.10113185186643907 0.06950132485477489