1 0.2616005687546699 0.37215230021442586 0.09685958944842143 0.033784849379944505
1 0.6206522611586281 0.7148081998087962 0.10662870257436623 0.06797059523075966
2 0.20287249793386142 0.6125279238647796 0.06309851045275652 0.08178371888111347
2 0.41611303448321574 0.31951532013515765 0.09502407366340578 0.028978950209781473
2 0.5398173030402414 0.47248880001393323 0.11165013154179633 0.04735044191141178
3 0.24102202922154384 0.30781711307689896 0.052464847340929224 0.03275422303029831
3 0.1088634346526249 0.4751444778041831 0.0743321420651399 0.04763386182749905
3 0.7580429292497788 0.37681313757102297 0.05021210260260105 0.034139124275053764
5 0.7874049345820378 0.4520149697295279 0.07746484734092914 0.03464860975290662
0 0.808045116321478 0.6230737535477069 0.06229487364928836 0.04127711805127632
0 0.5597951450489117 0.3719918925454004 0.03569457629424182 0.025261031743586494
4 0.8220536793909531 0.5307561989836035 0.09704159997176517 0.0369098493799445
5 0.36357405047999275 0.5344648912960006 0.04643465521931951 0.049408926764564674
5 0.8193473663920653 0.6984764952493372 0.027813457836037968 0.06355393713752697