1 0.28203125 0.35078125 0.0953125 0.0265625
1 0.659375 0.66484375 0.103125 0.06015625
2 0.2375 0.59453125 0.05859375 0.07734375
2 0.4328125 0.28671875 0.09375 0.021875
2 0.56484375 0.4296875 0.109375 0.0390625
3 0.2578125 0.28828125 0.05078125 0.02890625
3 0.1359375 0.46484375 0.071875 0.0421875
3 0.7765625 0.31796875 0.0484375 0.03046875
5 0.81015625 0.390625 0.07578125 0.02890625
0 0.840625 0.559375 0.06015625 0.03671875
0 0.57890625 0.328125 0.034375 0.02265625
4 0.84921875 0.46640625 0.0953125 0.0296875
5 0.39296875 0.5046875 0.04375 0.04609375
5 0.85625 0.63359375 0.02421875 0.06171875