4 0.9475367142836776 0.472037034506722 0.10492657143264487 0.0343188271970309
1 0.41243286406859714 0.2689883100417651 0.10718578610435348 0.029676791303653617
1 0.5772554508134394 0.672935327130524 0.13479770169720223 0.07656616316955045
2 0.15463049618937097 0.5317537683424001 0.0738920179539809 0.08026181301126609
2 0.650601005460949 0.3907426042484127 0.10576873184962743 0.05463132719703099
2 0.6198726593463328 0.21097253622258175 0.10715396984757479 0.024208041303653616
3 0.16856975546094902 0.37671692735531553 0.08073691559284875 0.04843515149106814
3 0.4268448220123153 0.1952014690546806 0.05565510236113216 0.033645225785105204
3 0.9790145886747059 0.2854917807457984 0.04197082265058825 0.037969012932123736
5 0.9675594590880147 0.37731556789281695 0.06488108182397063 0.04173051042484124
5 0.8107946586589616 0.6703572110706147 0.06914543061996312 0.06996917069139812
0 0.8516873033709633 0.5832807598961158 0.07134373487468934 0.045037366851332014
0 0.747566388170898 0.27483411091233023 0.040774990924813716 0.02696331677218975
5 0.4072646167990716 0.4547439536152744 0.01827327702916719 0.05286658722616089