1 0.5260551295655262 0.21638144057891245 0.12640396287323466 0.03197268354682965
1 0.040680722256388704 0.6894710452777357 0.08136144451277741 0.042932909444528634
2 0.5447565810387947 0.40682008821778026 0.07114266250491745 0.07928804508134402
2 0.8511697440479153 0.1793480314289714 0.1344896144823892 0.03592438534222771
3 0.07059209738243948 0.29712446399384235 0.09651972091900637 0.05132212636523725
3 0.6537209436795981 0.13285989257070227 0.06919239641337427 0.040230090260883734
5 0.21428356913462512 0.7773427082383059 0.17931579542463857 0.06273687021691714
0 0.39623804550151315 0.6880387928418488 0.08803523156266815 0.05283462939029935
0 0.8773337702789172 0.2854025887087596 0.05536484319506556 0.03234032220870695
5 0.19182832299302288 0.4283966690106943 0.09087065445914595 0.05987951492891881
4 0.7483082799141728 0.578221868664793 0.1440120799535137 0.049255632317165524