4 0.8130902108076224 0.4686556422111501 0.09122520072563951 0.0203521947351895
1 0.7480133370311577 0.3882166632625424 0.08923611479078986 0.030426599181693346
1 0.04665418975623019 0.5633060426509386 0.08598462921876024 0.04904018992586625
2 0.5389731537287135 0.43062988567254623 0.04129961179556503 0.06542659255827132
2 0.23257682078908895 0.46785958947822853 0.04835814364673059 0.06645337921876013
2 0.25982382315134167 0.6260887517292805 0.1603844284931208 0.034471747637747185
3 0.25927078476157234 0.35144341579443106 0.042388396641955414 0.029570938111767652
5 0.34576879075202205 0.4217707847615723 0.09488591406515053 0.013457353991016774
5 0.6440351320443491 0.61735358095589 0.13015129146981225 0.017810037293461
0 0.5827553808632228 0.5399031927514552 0.05742311960011328 0.03555804328391084
0 0.4351413147986392 0.38743793557987893 0.036674109981466606 0.0223487151536097
3 0.23278511879750519 0.7300322072642433 0.10449901624206878 0.06529267250267097
5 0.42597959120750895 0.5157266266868715 0.046703874409436706 0.04142609736759475
5 0.8401859349469067 0.5418376818668639 0.10443452885594055 0.04110120435383635
3 0.6409027306778883 0.32719237242570226 0.051845242195451745 0.03224207032575279