1 0.28446794416759047 0.361114112272847 0.09545220234403846 0.028744555470833433
1 0.7094922347268382 0.6446272885659022 0.09891716378737563 0.05846842306201392
2 0.292406061840164 0.5948715164331595 0.061106283157992006 0.07709048328249998
2 0.42025644740679297 0.2945779628621872 0.09280806369509058 0.024002504084062615
2 0.5765739034514592 0.42629747549562447 0.10938429441675908 0.03920992999586801
3 0.16428345696751695 0.4757968209540624 0.07379724784053163 0.043842225398715406
3 0.24858170650609157 0.3017033978920484 0.050971017118863135 0.028489329122187535
3 0.7593585202011821 0.3117225631671869 0.04794614666851231 0.029979093939826385
5 0.8036580351605769 0.3803264395920827 0.07592095234403828 0.028289960581076468
5 0.42122387183462673 0.5050251535916316 0.04952843306570713 0.042497277735416714
0 0.8638712492248077 0.5385376766743049 0.060846664867109726 0.036520034669270986
0 0.5710970565983766 0.32862304170003426 0.035045628469915255 0.02343815321038196
4 0.8550889296696209 0.450329161856666 0.09018371144333699 0.03174226890170147
5 0.8910333289590271 0.6083228466021868 0.020842228562200305 0.05743129350298624