4 0.7905993227409213 0.49351616522123243 0.09260811708027905 0.0182511080124085
1 0.7292026368549933 0.4114854625636865 0.0909745612640803 0.028380086012090366
1 0.031814977117823225 0.5703937686585003 0.06362995423564645 0.04706645134468133
2 0.5181505223726042 0.44906892059200343 0.04348755606830039 0.06373578333863605
2 0.21082434143035472 0.4791858713001379 0.05062806671196203 0.06538009933959063
2 0.2309297557768578 0.638197244629229 0.16134169158591122 0.0299794960216353
3 0.242401759383154 0.36250690129695623 0.04264632190774211 0.029378964672181596
3 0.19955443361701414 0.7408228052991834 0.10487852413731505 0.05976644601368122
5 0.3263290091310525 0.43490806528486586 0.09602269418380124 0.011265311346272178
0 0.558049266672621 0.5594518899188674 0.05859910383872737 0.03424827800763595
0 0.41606885232611807 0.4018586606063209 0.037467149011264314 0.022293170671545327
3 0.6235807035669553 0.3479234965786404 0.05441970222957302 0.030296574673772357
5 0.404656468902194 0.531573432606639 0.04486438576971245 0.038772146005727134
5 0.6165394738458726 0.6383939552435042 0.12994422611478634 0.01634371001749919
5 0.8151515724888198 0.566608219883869 0.10641924480421991 0.03714655868077212