4 0.7003144515222435 0.6503448397326825 0.14754084486680377 0.05976192431676956
1 0.5124204510651328 0.25025552657850586 0.12715009041817957 0.037986128037633904
2 0.5080181580617648 0.454298185834333 0.06515676779449713 0.08653026624206887
2 0.8527244574909236 0.2316270999843016 0.13674792490485999 0.04378226025161904
3 0.6525453853615328 0.17143610053245575 0.07121842539915128 0.04383433475372307
3 0.040168407842504764 0.3086408792187602 0.08033681568500953 0.05475447658635506
5 0.9386195592406285 0.5428771132311454 0.024771848326845 0.07185764183263199
5 0.1195088260093613 0.8303472428284238 0.1884205128515813 0.06743058057737202
5 0.14110257209220964 0.45400299763774726 0.10095234634967847 0.06515626324684387
0 0.3184821782905388 0.7473239556197809 0.09210392836490086 0.058606162884024114
0 0.8676080167687328 0.34637164626343725 0.05605634041817922 0.035503479581579886