4 0.8203125 0.528125 0.12421875 0.03359375
1 0.45625 0.2296875 0.11875 0.02734375
1 0.17890625 0.70234375 0.17578125 0.0796875
2 0.565625 0.39453125 0.07890625 0.06953125
2 0.73984375 0.17890625 0.121875 0.028125
3 0.06796875 0.325 0.0890625 0.0484375
3 0.5390625 0.14765625 0.06171875 0.0375
5 0.9578125 0.4171875 0.03828125 0.05859375
5 0.42421875 0.73984375 0.140625 0.06953125
0 0.55703125 0.646875 0.07890625 0.04921875
5 0.2421875 0.4359375 0.06484375 0.06015625
0 0.809375 0.26875 0.05078125 0.034375