4 0.9453125 0.44453125 0.10546875 0.03125
1 0.4109375 0.25703125 0.10703125 0.0265625
1 0.5734375 0.65625 0.134375 0.07265625
2 0.1515625 0.52734375 0.0734375 0.078125
2 0.6484375 0.371875 0.10546875 0.0515625
2 0.61875 0.19296875 0.10703125 0.02109375
3 0.16640625 0.371875 0.08046875 0.04609375
3 0.42578125 0.1828125 0.05546875 0.03203125
3 0.978125 0.25703125 0.04296875 0.03671875
5 0.965625 0.34921875 0.06484375 0.03984375
5 0.80703125 0.646875 0.06875 0.06796875
0 0.8484375 0.55859375 0.07109375 0.04296875
0 0.74609375 0.253125 0.040625 0.02578125
5 0.4046875 0.44296875 0.01796875 0.05234375