4 0.08107788182414491 0.2544568323066524 0.11275760523343696 0.035124022865490725
1 0.5616145212584489 0.19635408939341048 0.10494510523343692 0.034851204353836485
1 0.34361932429869035 0.6327802066312712 0.188796460466874 0.06896579872620645
2 0.8396492450206768 0.2685093092715256 0.08552724729857708 0.07627481252120454
2 0.2674032477220999 0.36178071506879167 0.07463524992941277 0.07667411660488854
3 0.7991244136059376 0.4422295514669773 0.10144067363517095 0.05500001324684387
3 0.14728483766463155 0.8579414416551469 0.1386522472985769 0.07812997840045384
0 0.3272318159826596 0.19128467659420428 0.05590836575678067 0.036257447730414546
5 0.7361631400695885 0.5995807491973918 0.06378875519108469 0.07785467068857255
5 0.5752612503529357 0.35025041570961307 0.040503173635170954 0.052872028855940556
5 0.41159911070687033 0.17508426851950348 0.08624831314006212 0.021723721777031635