1 0.3094075369416786 0.4763011480028581 0.10017852137062437 0.06062577958519668
2 0.893662292540756 0.3302038640550605 0.06042985975290662 0.07960537252816077
2 0.5267591350722232 0.3699972456373991 0.054724311412580565 0.0760979602753447
2 0.5239454788530903 0.571253743039509 0.1819254288391571 0.05235409369926867
3 0.592310512247062 0.21933097409797409 0.04779888257342346 0.03598105866619026
3 0.46370856371088764 0.6987720916824562 0.12065696473192844 0.07449153763096845
5 0.6729703616270065 0.30950822384587257 0.1066527417016303 0.023000093447167115
5 0.7413320431654559 0.4343171997085575 0.06995822510489073 0.051518577355623665
0 0.9236602137062434 0.4773302363311197 0.07411292883915692 0.04481510928660892
0 0.7851501302983384 0.2663213165367351 0.04570358630768982 0.028840548022528622
5 0.9488574327878492 0.5845364489522529 0.10228513442430157 0.049551521791526554