4 0.871875 0.46875 0.11484375 0.02734375
1 0.390625 0.66328125 0.14921875 0.07421875
1 0.40859375 0.2453125 0.11015625 0.02421875
2 0.64453125 0.1875 0.109375 0.021875
2 0.5921875 0.37578125 0.09375 0.05703125
2 0.02421875 0.5078125 0.0484375 0.07421875
3 0.10546875 0.3484375 0.084375 0.04609375
3 0.45078125 0.16953125 0.05703125 0.0328125
5 0.93671875 0.3703125 0.05546875 0.04609375
5 0.315625 0.43359375 0.03203125 0.053125
5 0.62890625 0.67109375 0.096875 0.0671875
0 0.70703125 0.58203125 0.071875 0.04453125
0 0.746875 0.25703125 0.04140625 0.02734375